1,937
1,1308
1,2153
1,5091
1,5109
1,5144
1,5145
1,5153
1,5278
1,5285
1,5288
1,5303
1,5395
1,5405
1,5430
1,5432
1,5491
1,5521
1,5543
1,5572
1,5573
1,5574
1,5580
1,5611
1,5614
1,5615
1,5621
1,5641
1,5645
1,5652
1,5674
1,5676
1,5677
1,5852
1,5868
1,5914
1,5941
1,5965
1,5980
1,5987
1,6045
1,6076
1,6077
1,7856
1,7857
1,7858
1,7859
1,7987
1,8049
1,8290
1,8362
1,8493
1,8513
1,8550
1,8555
1,8625
1,8696
1,8699
1,8701
1,8742
1,8748
1,8814
1,8824
1,8834
1,8841
1,8851
1,8852
1,8853
1,8854
1,8855
1,8856
1,8857
1,8877
1,8917
1,8925
1,8943
1,8946
1,8953
1,8964
1,8993
1,8994
1,9034
1,9051
1,9066
1,9083
1,9088
1,9101
1,9102
1,9118
1,9156
1,9163
1,9172
1,9178
1,9191
1,9205
1,9224
1,9227
1,9228
1,9253
1,9254
1,9266
1,9269
1,9276
1,9295
1,9301
1,9320
1,9334
1,9343
1,9376
1,9413
1,9459
1,9460
1,9462
1,9488
1,9530
1,9534
1,9573
1,9601
1,9621
1,9622
1,9623
1,9664
1,9679
1,9681
1,9683
1,9715
1,9833
1,9905
1,10199
1,10570
1,11415
1,11913
1,11931
1,11966
1,11967
1,11975
1,12100
1,12107
1,12110
1,12125
1,12217
1,12227
1,12252
1,12254
1,12313
1,12343
1,12365
1,12394
1,12395
1,12396
1,12402
1,12433
1,12436
1,12437
1,12443
1,12463
1,12467
1,12474
1,12496
1,12498
1,12499
1,12674
1,12690
1,12736
1,12763
1,12787
1,12802
1,12809
1,12867
1,12898
1,12899
1,12913
1,12933
1,12970
1,12975
1,13045
1,13116
1,13119
1,13121
1,13162
1,13168
1,13234
1,13244
1,13254
1,13261
1,13271
1,13272
1,13273
1,13274
1,13275
1,13276
1,13277
1,13297
1,13337
1,13345
1,13363
1,13366
1,13373
1,13384
1,13413
1,13414
1,13454
1,13471
1,13486
1,13503
1,13508
1,13521
1,13522
1,13538
1,13576
1,13583
1,13592
1,13598
1,13611
1,13625
1,13644
1,13647
1,13648
1,13673
1,13674
1,13686
1,13689
1,13696
1,13715
1,13721
1,13729
1,13732
1,13745
1,13763
1,13774
1,13785
1,13822
1,13842
1,13845
1,13906
1,13926
1,13945
1,13967
1,13994
1,14072
1,14082
1,14112
1,14129
1,14134
1,14187
1,14203
1,14216
1,14217
1,14241
1,14281
1,14307
1,14326
1,14334
1,14346
1,14367
1,14417
1,14429
1,14503
1,14522
1,14524
1,14563
1,14632
1,14721
1,14726
1,14727
1,14731
1,14739
1,14742
1,14763
1,14789
1,14810
1,14822
1,14897
1,14929
1,14937
1,14942
1,14958
1,14959
1,14966
1,15013
1,15029
1,15047
1,15070
1,15116
1,15131
1,15177
1,15180
1,15183
1,15190
1,15194
1,15195
1,15197
1,15222
1,15238
1,15243
1,15246
1,15254
1,15288
1,15345
1,15352
1,15359
1,15374
1,15381
1,15427
1,15598
1,15599
1,15640
1,15670
1,15690
1,15723
1,15735
1,15822
1,15828
1,15857
1,15864
1,15895
1,15944
1,15953
1,15967
1,16028
1,16067
1,16103
1,16108
1,16144
1,16148
1,16159
1,16166
1,16167
1,16170
1,16188
1,16191
1,16204
1,16222
1,16233
1,16244
1,16281
1,16301
1,16304
1,16365
1,16385
1,16404
1,16426
1,16453
1,16531
1,16541
1,16571
1,16588
1,16593
1,16646
1,16662
1,16675
1,16676
1,16700
1,16740
1,16766
1,16785
1,16793
1,16805
1,16826
1,16876
1,16888
1,16962
1,16981
1,16983
1,17022
1,17091
1,17180
1,17185
1,17186
1,17190
1,17198
1,17201
1,17222
1,17248
1,18162
1,18163
1,18164
1,18165
1,18293
1,18355
1,18596
1,18668
1,18806
1,18818
1,18893
1,18925
1,18933
1,18938
1,18954
1,18955
1,18962
1,19009
1,19025
1,19043
1,19066
1,19112
1,19127
1,19173
1,19176
1,19179
1,19186
1,19190
1,19191
1,19193
1,19218
1,19234
1,19239
1,19242
1,19250
1,19284
1,19341
1,19348
1,19355
1,19370
1,19377
1,19423
1,19594
1,19595
1,19636
1,19666
1,19686
1,19719
1,19731
1,19818
1,19824
1,19853
1,19860
1,19891
1,19940
1,19949
1,19963
1,20024
1,20063
1,20099
1,20104
1,20140
1,20144
1,20155
1,20162
1,20163
1,20166
1,20195
1,20209
1,20218
1,20251
1,20288
1,20334
1,20335
1,20337
1,20363
1,20405
1,20409
1,20448
1,20476
1,20496
1,20497
1,20498
1,20539
1,20554
1,20556
1,20558
1,20590
1,20708
1,20780
1,22003
1,22053
1,22059
1,22203
1,22207
1,22250
1,22271
1,22283
1,22422
1,22428
1,22437
1,22474
1,22498
1,22532
1,22557
1,22565
1,22567
1,22578
1,22611
1,22634
1,22662
1,22679
1,22684
1,22688
1,22698
1,22728
1,22750
1,22761
1,22783
1,22812
1,22834
1,22839
1,22847
1,22848
1,22870
1,22877
1,22935
1,22975
1,23011
1,23022
1,23028
1,23064
1,23066
1,23080
1,23110
1,23116
1,23135
1,23150
1,23168
1,23188
1,23189
1,23211
1,23214
1,23217
1,23233
1,23240
1,23371
1,23413
1,23419
1,23455
1,23457
1,23471
1,23501
1,23507
1,23526
1,23541
1,23559
1,23579
1,23580
1,23602
1,23605
1,23608
1,23624
1,23631
1,23762
1,23806
1,23811
1,23819
1,23820
1,23842
1,23849
1,23907
1,23947
1,23983
1,24020
1,24026
1,24376
1,24431
1,24725
1,24857
1,24884
1,25015
1,25112
1,25167
1,25349
1,25376
1,25502
1,25536
1,25561
1,25569
1,25571
1,25582
1,25615
1,25638
1,25666
1,25683
1,25688
1,25692
1,25702
1,25732
1,25754
1,25765
1,25787
1,25816
1,25861
1,26091
1,26095
1,26138
1,26159
1,26171
1,26310
1,26316
1,26325
1,26362
1,26382
1,26395
1,26416
1,26429
1,26470
1,26471
1,26478
1,26518
1,26537
1,26544
1,26545
1,26613
1,26621
1,26629
1,26641
1,26646
1,26650
1,26666
1,26679
1,26687
1,26722
1,26730
1,26739
1,26743
1,26747
1,26789
1,26801
1,26804
1,26831
1,26854
1,26864
1,26868
1,26897
1,26937
1,26968
1,26994
1,26995
1,27006
1,27020
1,27033
1,27079
1,27088
1,27117
1,27148
1,27178
1,27197
1,27227
1,27229
1,27249
1,27268
1,27273
1,27300
1,27335
1,27349
1,27436
1,27443
1,27444
1,27458
1,27503
1,27508
1,27510
1,27523
1,27536
1,27615
1,27631
1,27655
1,27658
1,27663
1,27682
1,27706
1,27711
1,27733
1,27751
1,27812
1,27834
1,27859
1,27866
1,27900
1,27902
1,27940
1,27958
1,27960
1,27961
1,27962
1,27968
1,27976
1,27983
1,27985
1,27993
1,28036
1,28073
1,28120
1,28148
1,28153
1,28178
1,28205
1,28224
1,28237
1,28273
1,28280
1,28285
1,28288
1,28308
1,28315
1,28339
1,28359
1,28368
1,28376
1,28412
1,28432
1,28443
1,28444
1,28503
1,28510
1,28567
1,28580
1,28582
1,28609
1,28618
1,28657
1,28677
1,28688
1,28696
1,28704
1,28733
1,28736
1,28748
1,28761
1,28763
1,28764
1,28768
1,28783
1,28802
1,28820
1,28829
1,28831
1,28859
1,28873
1,28889
1,28890
1,28897
1,28901
1,28906
1,28938
1,28941
1,28949
1,28950
1,29001
1,29015
1,29017
1,29025
1,29026
1,29029
1,29078
1,29092
1,29113
1,29126
1,29168
1,29175
1,29178
1,29184
1,29203
1,29242
1,29266
1,29267
1,29296
1,29297
1,29317
1,29320
1,29349
1,29363
1,29390
1,29405
1,29437
1,29444
1,29446
1,29462
1,29468
1,29470
1,29513
1,29530
1,29535
1,29537
1,29545
1,29554
1,29556
1,29569
1,29570
1,29580
1,29585
1,29602
1,29607
1,29614
1,29672
1,29692
1,29707
1,29715
1,29717
1,29718
1,29740
1,29748
1,29758
1,29768
1,29771
1,29786
1,29831
1,29835
1,29843
1,29845
1,29846
1,29868
1,29870
1,29962
1,29968
1,29991
1,29993
1,30003
1,30028
1,30030
1,30038
1,30042
1,30043
1,30045
1,30048
1,30051
1,30058
1,30071
1,30112
1,30114
1,30117
1,30121
1,30122
1,30126
1,30147
1,30153
1,30166
1,30169
1,30179
1,30186
1,30219
1,30223
1,30232
1,30236
1,30247
1,30252
1,30256
1,30313
1,30318
1,30319
1,30324
1,30344
1,30354
1,30383
1,30386
1,30387
1,30391
1,30401
1,30408
1,30411
1,30412
1,30425
1,30430
1,30442
1,30462
1,30463
1,30471
1,30480
1,30497
1,30501
1,30507
1,30511
1,30523
1,30525
1,30527
1,30556
1,30563
1,30574
1,30580
1,30590
1,30607
1,30634
1,30645
1,30647
1,30650
1,30651
1,30657
1,30675
1,30691
1,30715
1,30717
1,30742
1,30745
1,30746
1,30751
1,30759
1,30773
1,30782
1,30790
1,30795
1,30798
1,30816
1,30835
1,30837
1,30849
1,30861
1,30870
1,30899
1,30903
1,30908
1,30915
1,30919
1,30926
1,30964
1,30974
1,30981
1,30982
1,30993
1,31021
1,31058
1,31064
1,31080
1,31088
1,31105
1,31115
1,31131
1,31147
1,31294
1,31380
1,31435
1,31455
1,31456
1,31471
1,31472
1,31476
1,31498
1,31504
1,31515
1,31530
1,31533
1,31541
1,31557
1,31578
1,31585
1,31587
1,31589
1,31594
1,31607
1,31620
1,31632
1,31651
1,31676
1,31696
1,31699
1,31701
1,31751
1,31769
1,31774
1,31784
1,31789
1,31796
1,31821
1,31840
1,31844
1,31845
1,31849
1,31852
1,31864
1,31866
1,31871
1,31892
1,31897
1,31943
1,31945
1,31947
1,31976
1,31979
1,31981
1,31983
1,31985
1,31990
1,31995
1,32022
1,32030
1,32042
1,32043
1,32056
1,32057
1,32063
1,32073
1,32108
1,32111
1,32125
1,32147
1,32149
1,32160
1,32166
1,32170
1,32180
1,32182
1,32184
1,32190
1,32193
1,32196
1,32199
1,32212
1,32219
1,32229
1,32237
1,32244
1,32254
1,32259
1,32261
1,32268
1,32279
1,32303
1,32304
1,32307
1,32308
1,32311
1,32334
1,32340
1,32354
1,32361
1,32367
1,32418
1,32461
1,32470
1,32472
1,32481
1,32501
1,32509
1,32511
1,32513
1,32530
1,32533
1,32536
1,32546
1,32547
1,32560
1,32592
1,32594
1,32598
1,32600
1,32614
1,32647
1,32660
1,32694
1,32711
1,32719
1,32736
1,32738
1,32770
1,32773
1,32800
1,32806
1,32819
1,32821
1,32833
1,32839
1,32856
1,32860
1,32861
1,32870
1,32878
1,32880
1,32891
1,32918
1,32962
1,32964
1,32976
1,32987
1,33050
1,33052
1,33069
1,33076
1,33082
1,33085
1,33089
1,33094
1,33097
1,33099
1,33110
1,33113
1,33114
1,33115
1,33178
1,33198
1,33206
1,33234
1,33256
1,33280
1,33284
1,33295
1,33296
1,33298
1,33305
1,33309
1,33326
1,33343
1,33358
1,33359
1,33377
1,33389
1,33396
1,33430
1,33458
1,33491
1,33497
1,33501
1,33538
1,33539
1,33548
1,33554
1,33569
1,33571
1,33600
1,33648
1,33651
1,33683
1,33697
1,33723
1,33727
1,33757
1,33764
1,33783
1,33791
1,33833
1,33845
1,33857
1,33872
1,33873
1,33885
1,33894
1,33899
1,33919
1,33953
1,33965
1,33966
1,33967
1,33998
1,34003
1,34008
1,34038
1,34043
1,34046
1,34056
1,34063
1,34083
1,34122
1,34129
1,34139
1,34162
1,34164
1,34182
1,34206
1,34213
1,34224
1,34236
1,34248
1,34254
1,34255
1,34277
1,34288
1,34294
1,34333
1,34372
1,34378
1,34382
1,34440
1,34451
1,34454
1,34459
1,34461
1,34462
1,34484
1,34519
1,34530
1,34531
1,34533
1,34540
1,34544
1,34551
1,34554
1,34572
1,34663
1,34700
1,34741
1,34881
1,34884
1,34898
1,34920
1,34922
1,34933
1,34939
1,34943
1,34953
1,34955
1,34957
1,34963
1,34966
1,34969
1,34972
1,34985
1,34992
1,35002
1,35010
1,35017
1,35027
1,35032
1,35034
1,35041
1,35052
1,35076
1,35077
1,35080
1,35081
1,35084
1,35107
1,35113
1,35127
1,35134
1,35140
1,35191
1,35234
1,35243
1,35245
1,35254
1,35274
1,35282
1,35284
1,35286
1,35303
1,35306
1,35309
1,35319
1,35320
1,35333
1,35365
1,35367
1,35371
1,35373
1,35387
1,35420
1,35433
1,35467
1,35484
1,35492
1,35509
1,35511
1,35543
1,35546
1,35573
1,35579
1,35592
1,35594
1,35606
1,35612
1,35629
1,35633
1,35634
1,35643
1,35651
1,35653
1,35664
1,35691
1,35735
1,35737
1,35749
1,35760
1,35823
1,35825
1,35842
1,35849
1,35855
1,35858
1,35862
1,35867
1,35870
1,35872
1,35883
1,35886
1,35887
1,35888
1,35951
1,35971
1,35979
1,36007
1,36029
1,36053
1,36057
1,36068
1,36069
1,36071
1,36078
1,36082
1,36099
1,36116
1,36131
1,36132
1,36150
1,36162
1,36169
1,36203
1,36231
1,36264
1,36270
1,36274
1,36311
1,36312
1,36321
1,36327
1,36342
1,36344
1,36373
1,36421
1,36424
1,36456
1,36470
1,36496
1,36500
1,36530
1,36537
1,36556
1,36564
1,36606
1,36618
1,36630
1,36645
1,36646
1,36658
1,36667
1,36672
1,36692
1,36726
1,36738
1,36739
1,36740
1,36771
1,36776
1,36795
1,36808
1,36829
1,36842
1,36883
1,36884
1,36891
1,36931
1,36950
1,36957
1,36958
1,37026
1,37034
1,37042
1,37054
1,37059
1,37063
1,37079
1,37092
1,37100
1,37135
1,37143
1,37152
1,37156
1,37160
1,37202
1,37214
1,37217
1,37244
1,37267
1,37277
1,37281
1,37310
1,37350
1,37381
1,37407
1,37408
1,37419
1,37433
1,37446
1,37492
1,37501
1,37530
1,37561
1,37591
1,37610
1,37640
1,37642
1,37662
1,37681
1,37686
1,37713
1,37748
1,37762
1,37849
1,37856
1,37857
1,37871
1,37916
1,37921
1,37923
1,37936
1,37949
1,38028
1,38044
1,38068
1,38071
1,38076
1,38095
1,38119
1,38124
1,38146
1,38164
1,38225
1,38247
1,38272
1,38279
1,38313
1,38315
1,38353
1,38371
1,38373
1,38374
1,38375
1,38381
1,38389
1,38396
1,38398
1,38406
1,38449
1,38486
1,38533
1,38561
1,38566
1,38591
1,38618
1,38637
1,38650
1,38686
1,38693
1,38698
1,38701
1,38721
1,38728
1,38752
1,38772
1,38781
1,38789
1,38825
1,38845
1,38856
1,38857
1,38916
1,38923
1,38980
1,38993
1,38995
1,39022
1,39031
1,39070
1,39090
1,39101
1,39109
1,39186
1,39204
1,39229
1,39274
1,39394
1,39400
1,39413
1,39416
1,39426
1,39433
1,39466
1,39470
1,39479
1,39483
1,39494
1,39499
1,39503
1,39560
1,39565
1,39566
1,39571
1,39591
1,39601
1,39630
1,39633
1,39634
1,39638
1,39648
1,39655
1,39658
1,39659
1,39672
1,39677
1,39689
1,39709
1,39710
1,39718
1,39727
1,39744
1,39748
1,39754
1,39758
1,39770
1,39772
1,39774
1,39803
1,39810
1,39821
1,39827
1,39837
1,39854
1,39881
1,39892
1,39894
1,39897
1,39898
1,39904
1,39922
1,39938
1,39962
1,39964
1,39989
1,39992
1,39993
1,39998
1,40006
1,40020
1,40029
1,40037
1,40042
1,40045
1,40063
1,40082
1,40084
1,40096
1,40108
1,40117
1,40146
1,40150
1,40155
1,40162
1,40166
1,40173
1,40211
1,40221
1,40228
1,40229
1,40240
1,40268
1,40305
1,40311
1,40327
1,40335
1,40352
1,40362
1,40378
1,40388
1,40417
1,40420
1,40432
1,40445
1,40447
1,40448
1,40452
1,40467
1,40486
1,40504
1,40513
1,40515
1,40543
1,40557
1,40573
1,40574
1,40581
1,40585
1,40590
1,40622
1,40625
1,40633
1,40634
1,40685
1,40699
1,40701
1,40709
1,40710
1,40713
1,40762
1,40776
1,40797
1,40810
1,40852
1,40859
1,40862
1,40868
1,40887
1,40926
1,40950
1,40951
1,40980
1,40981
1,41001
1,41004
1,41033
1,41047
1,41074
1,41089
1,41121
1,41128
1,41130
1,41146
1,41152
1,41154
1,41197
1,41214
1,41219
1,41221
1,41229
1,41238
1,41240
1,41253
1,41254
1,41264
1,41269
1,41286
1,41291
1,41298
1,41356
1,41376
1,41391
1,41399
1,41401
1,41402
1,41424
1,41432
1,41442
1,41452
1,41455
1,41470
1,41515
1,41519
1,41527
1,41529
1,41530
1,41552
1,41554
1,41646
1,41652
1,41675
1,41677
1,41687
1,41712
1,41714
1,41722
1,41726
1,41727
1,41729
1,41732
1,41735
1,41742
1,41755
1,41796
1,41798
1,41801
1,41805
1,41806
1,41810
1,41822
1,41969
1,42055
1,42192
1,42229
1,42270
1,42422
1,42446
1,42475
1,42479
1,42568
1,42571
1,42580
1,42599
1,42616
1,42670
1,42717
1,42725
1,42755
1,42782
1,42806
1,42835
1,42839
1,42928
1,42931
1,42940
1,42959
1,42976
1,43030
1,43077
1,43085
1,43115
1,43152
1,43157
1,43167
1,43170
1,43198
1,43216
1,43229
1,43249
1,43316
1,43317
1,43328
1,43338
1,43346
1,43351
1,43353
1,43464
1,43470
1,43475
1,43494
1,43502
1,43509
1,43531
1,43573
1,43638
1,43643
1,43655
1,43697
1,43701
1,43719
1,43747
1,43800
1,43827
1,43913
1,43943
1,43948
1,43951
1,43961
1,43968
1,43988
1,44027
1,44034
1,44044
1,44067
1,44069
1,44087
1,44111
1,44118
1,44129
1,44141
1,44153
1,44159
1,44160
1,44182
1,44193
1,44199
1,44238
1,44277
1,44283
1,44287
1,44345
1,44356
1,44359
1,44364
1,44366
1,44367
1,44389
1,44424
1,44435
1,44436
1,44438
1,44445
1,44449
1,44456
1,44459
1,44477
1,44486
1,44506
1,44507
1,44522
1,44523
1,44527
1,44549
1,44555
1,44566
1,44581
1,44584
1,44592
1,44608
1,44629
1,44636
1,44638
1,44640
1,44645
1,44658
1,44671
1,44683
1,44702
1,44727
1,44747
1,44750
1,44752
1,44802
1,44820
1,44825
1,44835
1,44840
1,44847
1,44872
1,44891
1,44895
1,44896
1,44900
1,44903
1,44915
1,44917
1,44922
1,44943
1,44948
1,44994
1,44996
1,44998
1,45027
1,45030
1,45032
1,45034
1,45036
1,45041
1,45046
1,45073
1,45081
1,45093
1,45094
1,45107
1,45108
1,45114
1,45124
1,45214
1,45267
1,45291
1,45329
1,45351
1,45368
1,45376
1,45390
1,45405
1,45420
1,45424
1,45449
1,45474
1,45480
1,45482
1,45489
1,45510
1,45521
1,45544
1,45546
1,45584
1,45589
1,45599
1,45602
1,45630
1,45648
1,45661
1,45681
1,45748
1,45749
1,45760
1,45770
1,45778
1,45783
1,45785
1,45896
1,45902
1,45907
1,45926
1,45934
1,45941
1,45963
1,46028
1,46081
1,46105
1,46143
1,46165
1,46182
1,46190
1,46204
1,46219
1,46234
1,46238
1,46263
1,46288
1,46294
1,46296
1,46303
1,46324
1,46335
1,46358
1,46360
1,46408
1,46473
1,46478
1,46490
1,46532
1,46536
1,46554
1,46582
1,46635
1,46662
1,46834
1,46877
1,46982
1,47149
1,47156
1,47176
1,47202
1,47215
1,47224
1,47284
1,47287
1,47299
1,47300
1,47311
1,47553
1,47644
1,47666
1,47674
1,47680
1,47685
1,47688
1,47695
1,47699
1,47706
1,47720
1,47723
1,47725
1,47729
1,47731
1,47733
1,47735
1,47743
1,47767
1,47787
1,47807
1,47815
1,47840
1,47852
1,47855
1,47865
1,47867
1,47870
1,47882
1,47887
1,47889
1,47896
1,47897
1,47913
1,47954
1,47976
1,47984
1,47990
1,47995
1,47998
1,48005
1,48009
1,48016
1,48030
1,48033
1,48035
1,48039
1,48041
1,48043
1,48045
1,48053
1,48077
1,48097
1,48117
1,48125
1,48150
1,48162
1,48165
1,48175
1,48177
1,48180
1,48192
1,48197
1,48199
1,48206
1,48207
1,48223
1,48249
1,48253
1,48268
1,48273
1,48278
1,48279
1,48280
1,48281
1,48292
1,48392
1,48398
1,48415
1,48419
1,48420
1,48428
1,48432
1,48433
1,48435
1,48441
1,48443
1,48451
1,48452
1,48453
1,48462
1,48470
1,48471
1,48483
1,48485
1,48576
1,48591
1,48592
1,48593
1,48628
1,48633
1,48667
1,48671
1,48674
1,48688
1,48693
1,48705
1,48737
1,48743
1,48761
1,48782
1,48795
1,48828
1,48886
1,48888
1,48890
1,48896
1,48897
1,48915
1,48916
1,48923
1,48948
1,48954
1,48963
1,48969
1,48977
1,48988
1,49009
1,49029
1,49039
1,49043
1,49044
1,49062
1,49085
1,49093
1,49095
1,49105
1,49109
1,49124
1,49129
1,49134
1,49135
1,49136
1,49137
1,49148
1,49248
1,49254
1,49271
1,49275
1,49276
1,49284
1,49288
1,49289
1,49291
1,49297
1,49299
1,49307
1,49308
1,49309
1,49318
1,49326
1,49327
1,49339
1,49341
1,49432
1,49447
1,49448
1,49449
1,49489
1,49495
1,49520
1,49533
1,49539
1,49540
1,49553
1,49554
1,49579
1,49583
1,49585
1,49587
1,49602
1,49603
1,49616
1,49624
1,49630
1,49638
1,49645
1,49648
1,49668
1,49678
1,49689
1,49704
1,49706
1,49750
1,49783
1,49784
1,49792
1,49795
1,49817
1,49822
1,49827
1,49828
1,49832
1,49833
1,49835
1,49836
1,49852
1,49856
1,49859
1,49860
1,50030
1,50185
1,50228
1,50632
1,50799
1,50806
1,50826
1,50852
1,50865
1,50874
1,50934
1,50937
1,50949
1,50950
1,50961
1,51122
1,51125
1,51144
1,51191
1,51192
1,51233
1,51246
1,51272
1,51281
1,51297
1,51327
1,51363
1,51431
1,51452
1,51529
1,51546
1,51551
1,51585
1,51589
1,51592
1,51606
1,51611
1,51623
1,51655
1,51661
1,51679
1,51700
1,51713
1,51746
1,51804
1,51806
1,51808
1,51814
1,51815
1,51833
1,51834
1,51841
1,51866
1,51872
1,51881
1,51887
1,51895
1,51906
1,51927
1,51947
1,51957
1,51961
1,51962
1,51980
1,52003
1,52011
1,52013
1,52194
1,52197
1,52216
1,52263
1,52264
1,52305
1,52318
1,52344
1,52353
1,52387
1,52393
1,52418
1,52431
1,52437
1,52438
1,52451
1,52452
1,52477
1,52481
1,52483
1,52485
1,52500
1,52501
1,52514
1,52522
1,52528
1,52536
1,52543
1,52546
1,52566
1,52576
1,52587
1,52602
1,52604
1,52648
1,52681
1,52682
1,52690
1,52693
1,52715
1,52720
1,52725
1,52726
1,52730
1,52731
1,52733
1,52734
1,52750
1,52754
1,52757
1,52758
1,52790
1,52820
1,52856
1,52924
1,52945
1,53022
1,53213
1,53222
1,53244
1,53281
1,53293
1,53328
1,53374
1,53390
1,53446
1,53519
1,53527
1,53528
1,53553
1,53596
1,53600
1,53609
1,53656
1,53665
1,53687
1,53702
1,53742
1,53750
1,53775
1,53776
1,53779
1,53789
1,53841
1,53965
1,54066
1,54091
1,54102
1,54180
1,54320
1,54488
1,54661
1,54770
1,54956
1,54965
1,54987
1,55024
1,55036
1,55071
1,55117
1,55133
1,55189
1,55245
1,55381
1,55428
1,55429
1,55749
1,55809
1,55869
1,55879
1,55962
1,55990
1,56032
1,56075
1,56287
1,56295
1,56296
1,56321
1,56364
1,56368
1,56377
1,56424
1,56433
1,56455
1,56470
1,56510
1,56518
1,56543
1,56544
1,56547
1,56604
1,56669
1,56910
1,56999
1,57041
1,57198
1,57333
1,57404
1,57456
1,57580
1,57681
1,57706
1,57915
1,58024
1,58061
1,58139
1,58279
1,58309
1,58356
1,58357
1,58677
1,58737
1,58797
1,58807
1,58890
1,58918
1,58960
1,59003
1,59119
1,59197
1,59218
1,59261
1,59276
1,59300
1,59303
1,59307
1,59313
1,59354
1,59380
1,59406
1,59443
1,59449
1,59451
1,59453
1,59512
1,59522
1,59547
1,59594
1,59658
1,59698
1,59702
1,59703
1,59765
1,59830
1,60071
1,60160
1,60202
1,60359
1,60494
1,60647
1,60725
1,60746
1,60789
1,60804
1,60828
1,60831
1,60835
1,60841
1,60882
1,60908
1,60934
1,60971
1,60977
1,60979
1,60981
1,61040
1,61050
1,61075
1,61122
1,61186
1,61226
1,61230
1,61231
1,61248
1,61267
1,61300
1,61312
1,61352
1,61453
1,61456
1,61458
1,61460
1,61554
1,61563
1,61661
1,61666
1,61702
1,61710
1,61717
1,61745
1,61783
1,61797
1,61816
1,61849
1,61861
1,61901
1,62002
1,62005
1,62007
1,62009
1,62103
1,62112
1,62210
1,62215
1,62251
1,62259
1,62266
1,62294
1,62332
1,62360
1,62394
1,62433
1,62435
1,62483
1,62504
1,62505
1,62514
1,62532
1,62558
1,62589
1,62608
1,62647
1,62652
1,62653
1,62657
1,62664
1,62680
1,62691
1,62705
1,62708
1,62750
1,62756
1,62760
1,62764
1,62765
1,62766
1,62782
1,62789
1,62813
1,62844
1,62856
1,62878
1,62880
1,62901
1,62905
1,62909
1,62919
1,62929
1,62939
1,62950
1,62966
1,62995
1,63002
1,63013
1,63031
1,63032
1,63048
1,63068
1,63078
1,63092
1,63100
1,63106
1,63110
1,63138
1,63145
1,63151
1,63169
1,63170
1,63195
1,63221
1,63241
1,63242
1,63267
1,63271
1,63292
1,63312
1,63335
1,63359
1,63374
1,63413
1,63490
1,63598
1,63671
1,63683
1,63693
1,63714
1,63716
1,63729
1,63734
1,63761
1,63786
1,63821
1,63826
1,63833
1,63850
1,63862
1,63865
1,63870
1,63890
1,63900
1,63913
1,63920
1,63936
1,63938
1,64001
1,64007
1,64009
1,64036
1,64038
1,64051
1,64056
1,64083
1,64108
1,64143
1,64148
1,64155
1,64172
1,64184
1,64187
1,64192
1,64212
1,64222
1,64235
1,64242
1,64258
1,64260
1,64323
1,64329
1,64331
1,64373
1,64375
1,64379
1,64397
1,64412
1,64418
1,64439
1,64441
1,64444
1,64446
1,64460
1,64471
1,64473
1,64477
1,64493
1,64494
1,64500
1,64510
1,64517
1,64547
1,64559
1,64582
1,64585
1,64612
1,64623
1,64629
1,64631
1,64648
1,64658
1,64665
1,64671
1,64695
1,64697
1,64712
1,64737
1,64753
1,64763
1,64771
1,64777
1,64779
1,64801
1,64802
1,64820
1,64837
1,64884
1,64911
1,64914
1,64947
1,64975
1,64995
1,65010
1,65011
1,65012
1,65018
1,65019
1,65062
1,65063
1,65068
1,65075
1,65098
1,65108
1,65110
1,65112
1,65130
1,65180
1,65189
1,65206
1,65247
1,65265
1,65275
1,65288
1,65307
1,65327
1,65334
1,65340
1,65342
1,65348
1,65396
1,65411
1,65423
1,65425
1,65460
1,65493
1,65522
1,65528
1,65540
1,65582
1,65612
1,65616
1,65621
1,65641
1,65645
1,65655
1,65711
1,65722
1,65728
1,65745
1,65766
1,65771
1,65773
1,65781
1,65808
1,65825
1,65865
1,65870
1,65895
1,65896
1,65899
1,65909
1,65917
1,65927
1,65930
1,65965
1,65990
1,65992
1,65996
1,66014
1,66029
1,66035
1,66056
1,66058
1,66061
1,66063
1,66077
1,66088
1,66090
1,66094
1,66110
1,66111
1,66117
1,66127
1,66134
1,66164
1,66176
1,66199
1,66202
1,66229
1,66240
1,66246
1,66248
1,66265
1,66275
1,66282
1,66288
1,66312
1,66314
1,66329
1,66354
1,66370
1,66380
1,66388
1,66394
1,66396
1,66416
1,66453
1,66460
1,66483
1,66520
1,66582
1,66589
1,66592
1,66594
1,66598
1,66635
1,66644
1,66728
1,66741
1,66748
1,66759
1,66786
1,66892
1,66899
1,66903
1,66949
1,66952
1,66987
1,67010
1,67013
1,67020
1,67040
1,67052
1,67065
1,67073
1,67081
1,67092
1,67142
1,67150
1,67152
1,67154
1,67156
1,67157
1,67181
1,67189
1,67192
1,67196
1,67202
1,67208
1,67217
1,67233
1,67240
1,67241
1,67247
1,67255
1,67273
1,67292
1,67293
1,67316
1,67318
1,67349
1,67374
1,67377
1,67389
1,67408
1,67419
1,67429
1,67438
1,67452
1,67456
1,67460
1,67462
1,67467
1,67486
1,67488
1,67499
1,67537
1,67546
1,67570
1,67572
1,67578
1,67593
1,67597
1,67611
1,67617
1,67643
1,67649
1,67654
1,67655
1,67662
1,67673
1,67684
1,67700
1,67712
1,67719
1,67732
1,67749
1,67764
1,67784
1,67785
1,67789
1,67791
1,67796
1,67797
1,67810
1,67812
1,67814
1,67826
1,67839
1,67840
1,67854
1,67865
1,67866
1,67880
1,67903
1,67930
1,67949
1,67951
1,67954
1,67969
1,67975
1,67976
1,67980
1,67994
1,67998
1,68017
1,68023
1,68026
1,68045
1,68056
1,68060
1,68062
1,68065
1,68090
1,68095
1,68118
1,68119
1,68142
1,68177
1,68190
1,68194
1,68200
1,68203
1,68204
1,68210
1,68227
1,68246
1,68263
1,68271
1,68285
1,68297
1,68300
1,68310
1,68324
1,68344
1,68354
1,68356
1,68357
1,68370
1,68390
1,68427
1,68434
1,68457
1,68494
1,68556
1,68563
1,68566
1,68568
1,68572
1,68609
1,68618
1,68666
1,68700
1,68739
1,68741
1,68789
1,68810
1,68811
1,68820
1,68838
1,68864
1,68895
1,68914
1,68953
1,68958
1,68959
1,68963
1,68970
1,68986
1,68997
1,69011
1,69014
1,69056
1,69062
1,69066
1,69070
1,69071
1,69072
1,69088
1,69095
1,69119
1,69150
1,69162
1,69184
1,69186
1,69207
1,69211
1,69215
1,69225
1,69235
1,69245
1,69256
1,69272
1,69301
1,69308
1,69319
1,69337
1,69338
1,69354
1,69374
1,69384
1,69398
1,69406
1,69412
1,69416
1,69444
1,69451
1,69457
1,69475
1,69476
1,69501
1,69527
1,69547
1,69548
1,69573
1,69577
1,69598
1,69618
1,69641
1,69665
1,69680
1,69719
1,69786
1,69799
1,69806
1,69817
1,69844
1,69950
1,69957
1,69961
1,70007
1,70010
1,70056
1,70057
1,70075
1,70092
1,70139
1,70166
1,70169
1,70202
1,70230
1,70250
1,70265
1,70266
1,70267
1,70273
1,70274
1,70317
1,70318
1,70323
1,70330
1,70353
1,70363
1,70365
1,70367
1,70385
1,70435
1,70444
1,70461
1,70502
1,70520
1,70530
1,70543
1,70562
1,70582
1,70589
1,70595
1,70597
1,70603
1,70651
1,70666
1,70678
1,70680
1,70715
1,70748
1,70777
1,70783
1,70795
1,70837
1,70867
1,70871
1,70876
1,70896
1,70900
1,70910
1,70966
1,70977
1,70983
1,71000
1,71021
1,71026
1,71028
1,71036
1,71063
1,71080
1,71120
1,71125
1,71150
1,71151
1,71154
1,71164
1,71172
1,71182
1,71185
1,71220
1,71289
1,71397
1,71470
1,71482
1,71492
1,71511
1,71534
1,71537
1,71544
1,71564
1,71576
1,71589
1,71597
1,71605
1,71616
1,71666
1,71674
1,71676
1,71678
1,71680
1,71681
1,71705
1,71713
1,71716
1,71720
1,71726
1,71732
1,71741
1,71757
1,71764
1,71765
1,71771
1,71779
1,71797
1,71816
1,71817
1,71840
1,71842
1,71873
1,71898
1,71901
1,71913
1,71932
1,71943
1,71953
1,71962
1,71976
1,71980
1,71984
1,71986
1,71991
1,72010
1,72012
1,72023
1,72061
1,72070
1,72094
1,72096
1,72102
1,72117
1,72121
1,72135
1,72141
1,72167
1,72173
1,72178
1,72179
1,72186
1,72197
1,72208
1,72224
1,72236
1,72243
1,72256
1,72273
1,72288
1,72308
1,72309
1,72313
1,72315
1,72320
1,72321
1,72334
1,72336
1,72338
1,72350
1,72363
1,72364
1,72378
1,72389
1,72390
1,72404
1,72427
1,72454
1,72473
1,72475
1,72478
1,72493
1,72499
1,72500
1,72504
1,72518
1,72522
1,72541
1,72547
1,72550
1,72569
1,72580
1,72584
1,72586
1,72589
1,72614
1,72619
1,72642
1,72643
1,72666
1,72701
1,72714
1,72718
1,72724
1,72727
1,72728
1,72734
1,72751
1,72770
1,72787
1,72795
1,72809
1,72821
1,72824
1,72834
1,72848
1,72868
1,72878
1,72880
1,72881
1,72894
1,72926
1,72934
1,72944
1,72946
1,72969
1,72971
1,72972
1,72973
1,72976
1,72978
1,72979
1,72993
1,73012
1,73018
1,73028
1,73030
1,73033
1,73035
1,73038
1,73043
1,73046
1,73048
1,73058
1,73060
1,73062
1,73079
1,73081
1,73085
1,73100
1,73107
1,73109
1,73115
1,73117
1,73129
1,73144
1,73146
1,73147
1,73149
1,73158
1,73161
1,73165
1,73166
1,73187
1,73202
1,73203
1,73214
1,73225
1,73232
1,73237
1,73241
1,73249
1,73250
1,73256
1,73259
1,73264
1,73277
1,73284
1,73294
1,73299
1,73306
1,73309
1,73310
1,73314
1,73329
1,73335
1,73345
1,73353
1,73354
1,73358
1,73361
1,73378
1,73387
1,73388
1,73401
1,73407
1,73425
1,73428
1,73429
1,73437
1,73438
1,73441
1,73443
1,73448
1,73449
1,73451
1,73452
1,73463
1,73464
1,73466
1,73468
1,73473
1,73474
1,73475
1,73476
1,73477
1,73490
1,73507
1,73521
1,73522
1,73523
1,73526
1,73527
1,73528
1,73535
1,73541
1,73547
1,73548
1,73549
1,73560
1,73561
1,73564
1,73588
1,73595
1,73599
1,73611
1,73616
1,73621
1,73627
1,73631
1,73642
1,73643
1,73649
1,73669
1,73675
1,73687
1,73692
1,73710
1,73711
1,73712
1,73726
1,73737
1,73739
1,73750
1,73757
1,73758
1,73759
1,73769
1,73773
1,73779
1,73791
1,73807
1,73809
1,73812
1,73819
1,73844
1,73852
1,73861
1,73894
1,73896
1,73898
1,73905
1,73906
1,73917
1,73922
1,73923
1,73925
1,73928
1,73929
1,73952
1,73958
1,73960
1,73961
1,73962
1,73963
1,73964
1,73966
1,73981
1,73984
1,73990
1,73997
1,73998
1,74014
1,74027
1,74028
1,74048
1,74052
1,74064
1,74066
1,74091
1,74113
1,74129
1,74145
1,74164
1,74167
1,74192
1,74194
1,74196
1,74197
1,74198
1,74203
1,74216
1,74220
1,74230
1,74231
1,74235
1,74252
1,74253
1,74259
1,74260
1,74293
1,74296
1,74301
1,74302
1,74320
1,74327
1,74349
1,74366
1,74443
1,74504
1,74506
1,74536
1,74538
1,74557
1,74566
1,74568
1,74600
1,74623
1,74723
1,74996
1,75232
1,75313
1,75360
1,75377
1,75454
1,75515
1,75517
1,75547
1,75549
1,75568
1,75577
1,75579
1,75611
1,75634
1,75734
1,75908
1,75916
1,75923
1,75927
1,75938
1,75939
1,75954
1,75971
1,75972
1,75986
1,75999
1,76002
1,76004
1,76018
1,76019
1,76027
1,76050
1,76055
1,76062
1,76088
1,76105
1,76132
1,76141
1,76149
1,76159
1,76167
1,76191
1,76205
1,76207
1,76219
1,76225
1,76234
1,76249
1,76253
1,76255
1,76281
1,76294
1,76303
1,76311
1,76346
1,76354
1,76358
1,76360
1,76388
1,76389
1,76398
1,76410
1,76422
1,76430
1,76439
1,76442
1,76456
1,76471
1,76510
1,76518
1,76525
1,76529
1,76540
1,76541
1,76556
1,76573
1,76574
1,76588
1,76601
1,76604
1,76606
1,76620
1,76621
1,76629
1,76652
1,76657
1,76664
1,76690
1,76707
1,76734
1,76743
1,76751
1,76761
1,76769
1,76793
1,76807
1,76809
1,76821
1,76827
1,76836
1,76851
1,76855
1,76857
1,76883
1,76896
1,76905
1,76913
1,76948
1,76956
1,76960
1,76962
1,76990
1,76991
1,77000
1,77012
1,77024
1,77032
1,77041
1,77044
1,77058
1,77073
1,77211
1,77447
1,77528
1,77565
1,77574
1,77577
1,77581
1,77591
1,77596
1,77597
1,77605
1,77609
1,77613
1,77616
1,77618
1,77619
1,77641
1,77645
1,77670
1,77673
1,77682
1,77688
1,77697
1,77709
1,77719
1,77720
1,77723
1,77727
1,77737
1,77741
1,77744
1,77748
1,77753
1,77762
1,77769
1,77789
1,77790
1,77793
1,77794
1,77795
1,77796
1,77798
1,77803
1,77807
1,77822
1,77832
1,77840
1,77842
1,77856
1,77876
1,77877
1,77888
1,77889
1,77896
1,77903
1,77916
1,77928
1,77929
1,77930
1,77942
1,77946
1,77965
1,77982
1,77988
1,78002
1,78029
1,78037
1,78054
1,78060
1,78075
1,78091
1,78093
1,78110
1,78134
1,78153
1,78162
1,78195
1,78196
1,78220
1,78257
1,78267
1,78274
1,78287
1,78298
1,78333
1,78334
1,78352
1,78353
1,78355
1,78361
1,78362
1,78365
1,78381
1,78395
1,78396
1,78400
1,78402
1,78403
1,78409
1,78411
1,78413
1,78422
1,78424
1,78427
1,78430
1,78435
1,78436
1,78449
1,78473
1,78480
1,78498
1,78506
1,78508
1,78527
1,78545
1,78548
1,78552
1,78558
1,78564
1,78615
1,78619
1,78623
1,78625
1,78635
1,78656
1,78661
1,78675
1,78676
1,78682
1,78714
1,78726
1,78736
1,78738
1,78777
1,78781
1,78791
1,78808
1,78819
1,78826
1,78834
1,78836
1,78838
1,78840
1,78842
1,78858
1,78860
1,78861
1,78876
1,78889
1,78897
1,78899
1,78904
1,78928
1,78939
1,78940
1,78951
1,78954
1,78959
1,78964
1,78976
1,78978
1,78979
1,79003
1,79019
1,79022
1,79040
1,79042
1,79060
1,79067
1,79070
1,79081
1,79082
1,79091
1,79095
1,79096
1,79110
1,79116
1,79118
1,79123
1,79151
1,79164
1,79178
1,79208
1,79237
1,79251
1,79257
1,79265
1,79277
1,79279
1,79284
1,79298
1,79307
1,79342
1,79371
1,79407
1,79415
1,79420
1,79422
1,79443
1,79447
1,79516
1,79574
1,79598
1,79622
1,79669
1,79709
1,79715
1,79747
1,79761
1,79765
1,79775
1,79799
1,79826
1,79841
1,79843
1,79857
1,79892
1,79900
1,79905
1,79937
1,79941
1,80002
1,80019
1,80032
1,80040
1,80045
1,80092
1,80094
1,80099
1,80136
1,80157
1,80239
1,80241
1,80251
1,80289
1,80302
1,80304
1,80337
1,80344
1,80380
1,80381
1,80387
1,80390
1,80398
1,80404
1,80406
1,80418
1,80459
1,80519
1,80530
1,80590
1,80600
1,80603
1,80609
1,80623
1,80640
1,80696
1,80710
1,80716
1,80736
1,80740
1,80744
1,80755
1,80765
1,80768
1,80776
1,80788
1,80800
1,80818
1,80826
1,80843
1,80897
1,80911
1,80917
1,80925
1,80937
1,80939
1,80944
1,80958
1,80967
1,81002
1,81031
1,81067
1,81075
1,81080
1,81082
1,81103
1,81107
1,81176
1,81234
1,81258
1,81282
1,81329
1,81369
1,81375
1,81407
1,81421
1,81425
1,81435
1,81459
1,81486
1,81501
1,81503
1,81517
1,81552
1,81560
1,81565
1,81597
1,81601
1,81662
1,81679
1,81692
1,81700
1,81705
1,81752
1,81754
1,81759
1,81796
1,81817
1,81899
1,81901
1,81911
1,81949
1,81962
1,81964
1,81997
1,82004
1,82040
1,82041
1,82047
1,82050
1,82058
1,82064
1,82066
1,82078
1,82119
1,82179
1,82190
1,82250
1,82260
1,82263
1,82269
1,82283
1,82300
1,82356
1,82370
1,82376
1,82396
1,82400
1,82404
1,82415
1,82425
1,82428
1,82436
1,82448
1,82460
1,82478
1,82486
1,82503
1,82559
1,82567
1,82577
1,82579
1,82602
1,82604
1,82605
1,82606
1,82609
1,82611
1,82612
1,82626
1,82645
1,82651
1,82661
1,82663
1,82666
1,82668
1,82671
1,82676
1,82679
1,82681
1,82691
1,82693
1,82695
1,82712
1,82714
1,82718
1,82733
1,82740
1,82742
1,82748
1,82750
1,82762
1,82777
1,82779
1,82780
1,82782
1,82791
1,82794
1,82798
1,82799
1,82820
1,82835
1,82836
1,82847
1,82858
1,82865
1,82870
1,82874
1,82882
1,82883
1,82889
1,82892
1,82897
1,82910
1,82917
1,82927
1,82932
1,82939
1,82942
1,82943
1,82947
1,82962
1,82968
1,82978
1,82986
1,82987
1,82991
1,82994
1,83011
1,83020
1,83021
1,83034
1,83040
1,83058
1,83061
1,83062
1,83070
1,83071
1,83074
1,83076
1,83081
1,83082
1,83084
1,83085
1,83096
1,83097
1,83099
1,83101
1,83106
1,83107
1,83108
1,83109
1,83110
1,83123
1,83140
1,83154
1,83155
1,83156
1,83159
1,83160
1,83161
1,83168
1,83174
1,83180
1,83181
1,83182
1,83193
1,83194
1,83197
1,83221
1,83228
1,83232
1,83244
1,83249
1,83254
1,83260
1,83264
1,83275
1,83276
1,83282
1,83302
1,83308
1,83321
1,83336
1,83343
1,83350
1,83362
1,83385
1,83392
1,83402
1,83404
1,83414
1,83421
1,83427
1,83432
1,83445
1,83446
1,83458
1,83482
1,83495
1,83526
1,83527
1,83537
1,83547
1,83551
1,83561
1,83580
1,83582
1,83585
1,83603
1,83605
1,83619
1,83626
1,83636
1,83669
1,83698
1,83702
1,83711
1,83737
1,83745
1,83764
1,83771
1,83774
1,83776
1,83788
1,83789
1,83805
1,83806
1,83812
1,83823
1,83824
1,83832
1,83837
1,83838
1,83858
1,83860
1,83871
1,83880
1,83884
1,83899
1,83917
1,83932
1,83941
1,83987
1,83996
1,84016
1,84024
1,84032
1,84048
1,84065
1,84068
1,84086
1,84089
1,84102
1,84109
1,84121
1,84133
1,84145
1,84150
1,84168
1,84184
1,84196
1,84198
1,84209
1,84210
1,84215
1,84218
1,84222
1,84231
1,84249
1,84270
1,84277
1,84292
1,84331
1,84369
1,84397
1,84420
1,84440
1,84442
1,84466
1,84472
1,84488
1,84507
1,84553
1,84588
1,84601
1,84610
1,84630
1,84647
1,84649
1,84651
1,84657
1,84666
1,84670
1,84671
1,84673
1,84677
1,84679
1,84716
1,84723
1,84751
1,84762
1,84795
1,84804
1,84807
1,84811
1,84821
1,84826
1,84827
1,84835
1,84839
1,84843
1,84846
1,84848
1,84849
1,84871
1,84875
1,84900
1,84903
1,84912
1,84918
1,84927
1,84939
1,84949
1,84950
1,84953
1,84957
1,84967
1,84971
1,84974
1,84978
1,84983
1,84992
1,84999
1,85019
1,85020
1,85023
1,85024
1,85025
1,85026
1,85028
1,85033
1,85037
1,85052
1,85062
1,85070
1,85072
1,85086
1,85106
1,85107
1,85118
1,85119
1,85126
1,85133
1,85146
1,85154
1,85169
1,85176
1,85183
1,85195
1,85218
1,85225
1,85235
1,85237
1,85247
1,85254
1,85260
1,85265
1,85278
1,85279
1,85291
1,85315
1,85328
1,85359
1,85360
1,85370
1,85380
1,85384
1,85394
1,85413
1,85415
1,85418
1,85436
1,85438
1,85452
1,85459
1,85469
1,85502
1,85531
1,85535
1,85544
1,85570
1,85578
1,85597
1,85604
1,85607
1,85609
1,85621
1,85622
1,85638
1,85639
1,85645
1,85656
1,85657
1,85665
1,85670
1,85671
1,85691
1,85693
1,85704
1,85713
1,85717
1,85732
1,85750
1,85765
1,85774
1,85820
1,85829
1,85849
1,85857
1,85865
1,85881
1,85898
1,85901
1,85919
1,85922
1,85935
1,85942
1,85954
1,85966
1,85978
1,85983
1,86001
1,86017
1,86029
1,86031
1,86042
1,86043
1,86048
1,86051
1,86055
1,86064
1,86082
1,86103
1,86110
1,86125
1,86164
1,86202
1,86230
1,86253
1,86273
1,86275
1,86299
1,86305
1,86321
1,86340
1,86386
1,86421
1,86434
1,86443
1,86463
1,86480
1,86482
1,86484
1,86490
1,86499
1,86503
1,86504
1,86506
1,86510
1,86512
1,86549
1,86556
1,86584
1,86595
1,86624
1,86625
1,86626
1,86638
1,86642
1,86661
1,86678
1,86684
1,86698
1,86725
1,86733
1,86750
1,86756
1,86771
1,86787
1,86789
1,86806
1,86830
1,86849
1,86858
1,86891
1,86892
1,86916
1,86953
1,86963
1,86970
1,86983
1,86994
1,87029
1,87030
1,87048
1,87049
1,87051
1,87057
1,87058
1,87061
1,87077
1,87091
1,87092
1,87096
1,87098
1,87099
1,87105
1,87107
1,87109
1,87118
1,87120
1,87123
1,87126
1,87131
1,87132
1,87145
1,87169
1,87176
1,87194
1,87202
1,87204
1,87223
1,87241
1,87244
1,87248
1,87254
1,87260
1,87311
1,87315
1,87319
1,87321
1,87331
1,87352
1,87357
1,87371
1,87372
1,87378
1,87410
1,87422
1,87432
1,87434
1,87473
1,87477
1,87487
1,87504
1,87515
1,87522
1,87530
1,87532
1,87534
1,87536
1,87538
1,87554
1,87556
1,87557
1,87572
1,87585
1,87593
1,87595
1,87600
1,87624
1,87635
1,87636
1,87647
1,87650
1,87655
1,87660
1,87672
1,87674
1,87675
1,87699
1,87715
1,87718
1,87736
1,87738
1,87756
1,87763
1,87766
1,87777
1,87778
1,87787
1,87791
1,87792
1,87806
1,87812
1,87814
1,87819
1,87847
1,87860
1,87874
1,87904
1,87913
1,87918
1,87936
1,87937
1,87938
1,87952
1,87963
1,87965
1,87976
1,87983
1,87984
1,87985
1,87995
1,87999
1,88005
1,88017
1,88033
1,88035
1,88038
1,88045
1,88070
1,88078
1,88087
1,88120
1,88122
1,88124
1,88131
1,88132
1,88143
1,88148
1,88149
1,88151
1,88154
1,88155
1,88178
1,88184
1,88186
1,88187
1,88188
1,88189
1,88190
1,88192
1,88207
1,88210
1,88216
1,88223
1,88224
1,88240
1,88253
1,88254
1,88274
1,88278
1,88290
1,88292
1,88317
1,88339
1,88355
1,88371
1,88390
1,88393
1,88418
1,88420
1,88422
1,88423
1,88424
1,88429
1,88442
1,88446
1,88456
1,88457
1,88461
1,88478
1,88479
1,88485
1,88486
1,88519
1,88522
1,88527
1,88528
1,88546
1,88553
1,88567
1,88591
1,88662
1,88703
1,88705
1,88706
1,88722
1,88726
1,88735
1,88786
1,88788
1,88793
1,88794
1,88825
1,88831
1,88835
1,88846
1,88849
1,88850
1,88880
1,88938
1,89010
1,89023
1,89025
1,89029
1,89056
1,89088
1,89155
1,89217
1,89232
1,89256
1,89327
1,89368
1,89370
1,89371
1,89387
1,89391
1,89400
1,89451
1,89453
1,89458
1,89459
1,89490
1,89496
1,89500
1,89511
1,89514
1,89515
1,89545
1,89603
1,89675
1,89688
1,89690
1,89694
1,89721
1,89753
1,89820
1,89882
1,90210
1,90227
1,90228
1,90319
1,90335
1,90357
1,90385
1,90390
1,90410
1,90411
1,90413
1,90419
1,90422
1,90428
1,90431
1,90433
1,90465
1,90470
1,90481
1,90499
1,90500
1,90502
1,90515
1,90529
1,90531
1,90532
1,90534
1,90577
1,90578
1,90598
1,90599
1,90610
1,90649
1,90732
1,90754
1,90756
1,90758
1,90759
1,90779
1,90780
1,90835
1,90885
1,90891
1,90930
1,90938
1,90957
1,91023
1,91210
1,91214
1,91224
1,91294
1,91318
1,91387
1,91496
1,91502
1,91603
1,91645
1,91648
1,91662
1,91689
1,91700
1,91715
1,91717
1,91718
1,91725
1,91735
1,91755
1,91757
1,91780
1,91781
1,91783
1,91790
1,91792
1,91793
1,91794
1,91798
1,91827
1,91866
1,91927
1,91934
1,91935
1,91977
1,91984
1,92018
1,92023
1,92027
1,92035
1,92046
1,92065
1,92066
1,92076
1,92084
1,92104
1,92111
1,92112
1,92135
1,92154
1,92158
1,92178
1,92188
1,92204
1,92207
1,92225
1,92237
1,92239
1,92256
1,92265
1,92276
1,92301
1,92308
1,92327
1,92372
1,92395
1,92451
1,92455
1,92459
1,92460
1,92481
1,92493
1,92526
1,92551
1,92561
1,92577
1,92591
1,92679
1,92685
1,92694
1,92707
1,92714
1,92733
1,92737
1,92745
1,93062
1,93375
1,93386
1,93403
1,93404
1,93495
1,93511
1,93533
1,93561
1,93566
1,93586
1,93587
1,93589
1,93595
1,93598
1,93604
1,93607
1,93609
1,93641
1,93646
1,93657
1,93675
1,93676
1,93678
1,93691
1,93705
1,93707
1,93708
1,93710
1,93753
1,93754
1,93774
1,93775
1,93786
1,93825
1,93908
1,93930
1,93932
1,93934
1,93935
1,93955
1,93956
1,94011
1,94061
1,94067
1,94106
1,94114
1,94133
1,94732
1,94735
1,94736
1,94739
1,94748
1,94752
1,94756
1,94762
1,94769
1,94776
1,94781
1,94782
1,94785
1,94792
1,94793
1,94808
1,94819
1,94838
1,94863
1,94873
1,94888
1,94903
1,94914
1,94933
1,94955
1,94987
1,95003
1,95017
1,95025
1,95049
1,95069
1,95078
1,95080
1,95087
1,95095
1,95098
1,95109
1,95155
1,95157
1,95158
1,95193
1,95229
1,95251
1,95268
1,95390
1,95400
1,95417
1,95454
1,95464
1,95465
1,95468
1,95476
1,95499
1,95507
1,95508
1,95515
1,95531
1,95540
1,95543
1,95544
1,95546
1,95572
1,95582
1,95587
1,95592
1,95599
1,95615
1,95617
1,95619
1,95621
1,95630
1,95636
1,95639
1,95644
1,95675
1,95704
1,95713
1,95731
1,95749
1,95760
1,95764
1,95779
1,95788
1,95817
1,95825
1,95828
1,95830
1,95835
1,95864
1,95885
1,95898
1,95903
1,95923
1,95927
1,95940
1,95944
1,95966
1,95972
1,95995
1,96014
1,96017
1,96022
1,96027
1,96107
1,96198
1,96322
1,96326
1,96327
1,96417
1,96422
1,96430
1,96445
1,96449
1,96464
1,96473
1,96492
1,96529
1,96535
1,96537
1,96539
1,96560
1,96568
1,96592
1,96616
1,96908
1,97075
1,97262
1,97266
1,97276
1,97346
1,97370
1,97439
1,97548
1,97554
1,97655
1,97912
1,98050
1,98053
1,98067
1,98094
1,98105
1,98120
1,98122
1,98123
1,98130
1,98140
1,98160
1,98162
1,98185
1,98186
1,98188
1,98195
1,98197
1,98198
1,98199
1,98203
1,98232
1,98271
1,98332
1,98339
1,98340
1,98382
1,98389
1,98423
1,98428
1,98432
1,98440
1,98451
1,98470
1,98471
1,98481
1,98489
1,98509
1,98516
1,98517
1,98540
1,98559
1,98563
1,98583
1,98593
1,98609
1,98612
1,98630
1,98642
1,98644
1,98661
1,98670
1,98681
1,98706
1,98713
1,98732
1,98777
1,98800
1,98856
1,98860
1,98864
1,98865
1,98886
1,98898
1,98931
1,98956
1,98966
1,98982
1,98996
1,99084
1,99090
1,99099
1,99112
1,99119
1,99138
1,99142
1,99150
1,99178
1,99181
1,99182
1,99185
1,99194
1,99198
1,99202
1,99208
1,99215
1,99222
1,99227
1,99228
1,99231
1,99238
1,99239
1,99254
1,99265
1,99284
1,99309
1,99319
1,99334
1,99349
1,99360
1,99379
1,99401
1,99433
1,99449
1,99463
1,99471
1,99495
1,99515
1,99524
1,99526
1,99533
1,99541
1,99544
1,99555
1,99601
1,99603
1,99604
1,99639
1,99675
1,99697
1,99714
1,99836
1,99846
1,99863
1,99900
1,99910
1,99911
1,99914
1,99922
1,99945
1,99953
1,99954
1,99961
1,99977
1,99986
1,99989
1,99990
1,99992
1,100018
1,100028
1,100033
1,100038
1,100045
1,100061
1,100063
1,100065
1,100067
1,100076
1,100082
1,100085
1,100090
1,100121
1,100150
1,100159
1,100177
1,100195
1,100206
1,100210
1,100225
1,100234
1,100263
1,100271
1,100274
1,100276
1,100281
1,100310
1,100331
1,100344
1,100349
1,100369
1,100373
1,100386
1,100390
1,100412
1,100418
1,100441
1,100460
1,100463
1,100468
1,100473
1,100553
1,100644
1,100768
1,100772
1,100773
1,100863
1,100868
1,100876
1,100891
1,100895
1,100910
1,100919
1,100938
1,100975
1,100981
1,100983
1,100985
1,101006
1,101014
1,101038
1,101062
1,101377
1,101381
1,101393
1,101405
1,101410
1,101420
1,101423
1,101428
1,101450
1,101472
1,101474
1,101478
1,101505
1,101506
1,101507
1,101517
1,101527
1,101528
1,101539
1,101558
1,101575
1,101576
1,101585
1,101641
1,101651
1,101669
1,101670
1,101679
1,101681
1,101682
1,101684
1,101694
1,101696
1,101739
1,101774
1,101780
1,101788
1,101818
1,101826
1,101838
1,101897
1,101899
1,101901
1,101918
1,101926
1,101939
1,101940
1,101954
1,101958
1,101964
1,101967
1,101977
1,101979
1,101995
1,102003
1,102009
1,102029
1,102034
1,102057
1,102069
1,102083
1,102088
1,102118
1,102120
1,102161
1,102164
1,102174
1,102183
1,102184
1,102185
1,102187
1,102199
1,102219
1,102229
1,102233
1,102237
1,102252
1,102253
1,102269
1,102274
1,102279
1,102302
1,102304
1,102305
1,102306
1,102314
1,102317
1,102319
1,102325
1,102335
1,102339
1,102343
1,102345
1,102352
1,102357
1,102358
1,102367
1,102384
1,102388
1,102396
1,102420
1,102425
1,102426
1,102440
1,102444
1,102456
1,102457
1,102458
1,102461
1,102472
1,102478
1,102479
1,102483
1,102484
1,102485
1,102489
1,102491
1,102492
1,102493
1,102494
1,102505
1,102506
1,102507
1,102515
1,102626
1,102653
1,102794
1,102879
1,102914
1,102938
1,102971
1,103055
1,103082
1,103084
1,103090
1,103099
1,103112
1,103113
1,103121
1,103125
1,103141
1,103193
1,103212
1,103218
1,103252
1,103254
1,103266
1,103288
1,103321
1,103350
1,103378
1,103391
1,103398
1,103401
1,103425
1,103429
1,103430
1,103433
1,103448
1,103452
1,103457
1,103489
1,103525
1,103539
1,103558
1,103607
1,103624
1,103647
1,103665
1,103672
1,103673
1,103674
1,103685
1,103694
1,103734
1,103749
1,103754
1,103777
1,103782
1,103788
1,103818
1,103852
1,103857
1,103858
1,103882
1,103887
1,103896
1,103900
1,103933
1,103935
1,103953
1,103995
1,104012
1,104014
1,104031
1,104078
1,104110
1,104153
1,104199
1,104200
1,104205
1,104286
1,104312
1,104324
1,104342
1,104375
1,104397
1,104409
1,104442
1,104449
1,104456
1,104468
1,104584
1,104586
1,104588
1,104605
1,104613
1,104626
1,104627
1,104641
1,104645
1,104651
1,104654
1,104664
1,104666
1,104682
1,104690
1,104696
1,104716
1,104721
1,104744
1,104756
1,104770
1,104775
1,104805
1,104807
1,104848
1,104851
1,104861
1,104870
1,104871
1,104872
1,104874
1,104886
1,104906
1,104916
1,104920
1,104924
1,104939
1,104940
1,104956
1,104961
1,104966
1,104989
1,104991
1,104992
1,104993
1,105001
1,105004
1,105006
1,105012
1,105022
1,105026
1,105030
1,105032
1,105039
1,105044
1,105045
1,105054
1,105071
1,105075
1,105083
1,105107
1,105112
1,105113
1,105127
1,105131
1,105143
1,105144
1,105145
1,105148
1,105159
1,105165
1,105166
1,105170
1,105171
1,105172
1,105176
1,105178
1,105179
1,105180
1,105181
1,105192
1,105193
1,105194
1,105204
1,105288
1,105315
1,105317
1,105323
1,105332
1,105345
1,105346
1,105354
1,105358
1,105374
1,105426
1,105445
1,105451
1,105485
1,105487
1,105499
1,105521
1,105554
1,105583
1,105611
1,105624
1,105631
1,105634
1,105658
1,105662
1,105663
1,105666
1,105681
1,105685
1,105690
1,105722
1,105758
1,105772
1,105791
1,105840
1,105857
1,105880
1,105898
1,105905
1,105906
1,105907
1,105918
1,105927
1,105967
1,105982
1,105987
1,106010
1,106015
1,106021
1,106051
1,106085
1,106090
1,106091
1,106115
1,106120
1,106129
1,106133
1,106166
1,106168
1,106186
1,106228
1,106245
1,106247
1,106264
1,106311
1,106343
1,106386
1,106432
1,106433
1,106438
1,106519
1,106545
1,106557
1,106575
1,106608
1,106630
1,106642
1,106675
1,106682
1,106689
1,106701
1,106823
1,106827
1,106839
1,106851
1,106856
1,106866
1,106869
1,106874
1,106896
1,106918
1,106920
1,106924
1,106951
1,106952
1,106953
1,106963
1,106973
1,106974
1,106985
1,107004
1,107021
1,107022
1,107031
1,107087
1,107097
1,107115
1,107116
1,107125
1,107127
1,107128
1,107130
1,107140
1,107142
1,107185
1,107220
1,107226
1,107234
1,107264
1,107272
1,107284
1,107337
1,107338
1,107344
1,107351
1,107360
1,107362
1,107364
1,107366
1,107426
1,107455
1,107457
1,107458
1,107486
1,107489
1,107495
1,107504
1,107511
1,107516
1,107520
1,107523
1,107578
1,107579
1,107582
1,107583
1,107606
1,107617
1,107618
1,107633
1,107636
1,107641
1,107644
1,107650
1,107651
1,107652
1,107653
1,107665
1,107671
1,107677
1,107687
1,107691
1,107700
1,107706
1,107718
1,107746
1,107751
1,107754
1,107760
1,107769
1,107779
1,107780
1,107817
1,107818
1,107849
1,107850
1,107855
1,107866
1,107869
1,107870
1,107873
1,107904
1,107908
1,107951
1,107969
1,107983
1,107984
1,107988
1,107992
1,107993
1,108008
1,108028
1,108038
1,108056
1,108058
1,108136
1,108154
1,108169
1,108173
1,108179
1,108191
1,108195
1,108209
1,108211
1,108215
1,108222
1,108248
1,108263
1,108265
1,108266
1,108274
1,108293
1,108318
1,108324
1,108335
1,108338
1,108344
1,108354
1,108357
1,108360
1,108395
1,108415
1,108526
1,108553
1,108694
1,108779
1,108814
1,108838
1,108866
1,108867
1,108873
1,108880
1,108889
1,108891
1,108893
1,108895
1,108955
1,108984
1,108986
1,108987
1,109015
1,109018
1,109024
1,109033
1,109040
1,109045
1,109049
1,109052
1,109107
1,109108
1,109111
1,109112
1,109135
1,109146
1,109147
1,109162
1,109165
1,109170
1,109173
1,109179
1,109180
1,109181
1,109182
1,109194
1,109200
1,109206
1,109216
1,109220
1,109229
1,109235
1,109247
1,109275
1,109280
1,109283
1,109289
1,109298
1,109308
1,109309
1,109346
1,109347
1,109378
1,109379
1,109384
1,109395
1,109398
1,109399
1,109402
1,109433
1,109437
1,109480
1,109498
1,109512
1,109513
1,109517
1,109521
1,109522
1,109537
1,109557
1,109567
1,109585
1,109587
1,109665
1,109683
1,109698
1,109702
1,109708
1,109720
1,109724
1,109738
1,109740
1,109744
1,109751
1,109777
1,109792
1,109794
1,109795
1,109803
1,109822
1,109847
1,109853
1,109864
1,109867
1,109873
1,109883
1,109886
1,109889
1,109924
1,109942
1,109943
1,109948
1,109955
1,109958
1,109966
1,109969
1,109970
1,109971
1,109976
1,109977
1,109978
1,109983
1,109986
1,109988
1,109990
1,110003
1,110016
1,110025
1,110027
1,110028
1,110036
1,110041
1,110049
1,110051
1,110053
1,110054
1,110062
1,110066
1,110069
1,110070
1,110072
1,110074
1,110075
1,110076
1,110082
1,110085
1,110093
1,110097
1,110111
1,110112
1,110117
1,110124
1,110127
1,110135
1,110138
1,110139
1,110140
1,110151
1,110155
1,110168
1,110169
1,110170
1,110175
1,110178
1,110180
1,110182
1,110195
1,110208
1,110217
1,110219
1,110220
1,110228
1,110233
1,110241
1,110243
1,110245
1,110246
1,110254
1,110258
1,110261
1,110262
1,110264
1,110266
1,110267
1,110268
1,110274
1,110277
1,110289
1,110293
1,110304
1,110305
1,110352
1,110389
1,110403
1,110410
1,110419
1,110425
1,110496
1,110505
1,110540
1,110544
1,110555
1,110556
1,110603
1,110640
1,110654
1,110661
1,110670
1,110676
1,110747
1,110756
1,110845
1,110874
1,110879
1,110923
1,110950
1,110963
1,111001
1,111012
1,111016
1,111077
1,111104
1,111106
1,111187
1,111222
1,111252
1,111253
1,111254
1,111257
1,111335
1,111342
1,111347
1,111400
1,111408
1,111418
1,111421
1,111428
1,111434
1,111490
1,111517
1,111557
1,111568
1,111570
1,111619
1,111629
1,111680
1,111740
1,111765
1,111788
1,111790
1,111871
1,111900
1,111905
1,111949
1,111976
1,111989
1,112027
1,112038
1,112042
1,112769
1,112865
1,112908
1,112937
1,112941
1,112945
1,112956
1,112964
1,113046
1,113161
1,113169
1,113439
1,113466
1,113468
1,113549
1,113584
1,113614
1,113615
1,113616
1,113619
1,113697
1,113704
1,113709
1,113762
1,113770
1,113780
1,113783
1,113926
1,114024
1,114031
1,114050
1,114161
1,114173
1,114242
1,114262
1,114268
1,114324
1,114351
1,114391
1,114402
1,114404
1,114453
1,114463
1,114514
1,114574
1,114599
1,114622
1,114624
1,115214
1,115796
1,115892
1,115935
1,115964
1,115968
1,115972
1,115983
1,115991
1,116073
1,116188
1,116196
1,116214
1,116221
1,116240
1,116351
1,116363
1,116432
1,116454
1,116459
1,116488
1,116680
1,116756
1,116781
1,116800
1,116812
1,116820
1,116822
1,116877
1,116910
1,116934
1,116954
1,116980
1,117144
1,117149
1,117178
1,117315
1,117358
1,117379
1,117382
1,117437
1,117447
1,117512
1,117643
1,117886
1,117962
1,118173
1,118460
1,118462
1,118493
1,118509
1,118512
1,118583
1,118590
1,118608
1,118612
1,118623
1,118644
1,118666
1,118729
1,118841
1,118861
1,118898
1,118931
1,118971
1,118979
1,119020
1,119044
1,119049
1,119098
1,119106
1,119166
1,119172
1,119174
1,119183
1,119213
1,119222
1,119240
1,119251
1,119356
1,119397
1,119657
1,119716
1,119765
1,119876
1,119934
1,119936
1,119972
1,119999
1,120031
1,120291
1,120404
1,120408
1,120457
1,120542
1,120568
1,120705
1,120746
1,121006
1,121065
1,121114
1,121225
1,121418
1,121437
1,121449
1,121457
1,121459
1,121514
1,121547
1,121571
1,121591
1,121638
1,121640
1,121676
1,121703
1,121735
1,121995
1,122108
1,122112
1,122161
1,122246
1,122272
1,122429
1,122431
1,122462
1,122478
1,122481
1,122552
1,122559
1,122577
1,122581
1,122592
1,122613
1,122635
1,122698
1,122810
1,122830
1,122867
1,122900
1,122940
1,122948
1,122989
1,123013
1,123018
1,123067
1,123075
1,123135
1,123141
1,123143
1,123152
1,123182
1,123191
1,123209
1,123220
1,123325
1,123368
1,123389
1,123392
1,123447
1,123457
1,123522
1,123613
